TOTAL_START=1458172422958
PREPROCESSING_START=1458172422958
PREPROCESSING_DONE=1458172422972
SEARCH_START=1458172422972
SEARCH_DONE=1458172423011
SOLUTION_TIME=53
STATUS=timeout
SOLUTION=(0,0,0,0,0,0,0,0,0,0,0,0,0,0,0,0,0,0,0,0,0,0,0,0,0,0,0,0,0,0,0,0,0,0,0,0,0,0,0,0,0,0,0,0,0,0,0,0,0,0,0,0,0,0,0,0,0,0,0,0,0,0,0,0,0,0,0,0,0,0,0,0,0,0,0,0,0,0,0,0,0,0,0,0,0,0,0,0,0,0,0,0,0,0,0,0,0,0,0,0,0,0,0,0,0,0,0,0,0,0,0,0,0,0,0,0,0,0,0,0,0,0,0,0,0,0,0,0,0,0,0,0,0,0,0,0,0,0,0,0,0,0,0,0)
COUNT_NODES=26
COUNT_DEADENDS=26
