35 5 7
0 E 0 0 X N 0 0 K 0 0 0 0 0 0 0 0 4 0 0 0 0 0 H 9 0 Y 0 0 0 0 0 0 0 0
0 0 0 0 0 0 0 0 0 0 0 O 0 0 0 0 0 N 0 0 0 0 0 F Z 0 M 0 0 0 T 0 0 0 0
0 0 0 0 8 0 0 0 0 Y 0 0 0 0 J 0 0 0 0 0 0 C 0 5 1 W 0 0 9 0 0 0 0 0 0
0 0 0 0 0 0 0 0 0 O 0 N 0 0 0 T J 0 G 0 0 0 0 0 M V 4 0 B 3 0 0 0 0 I
0 0 0 0 0 0 0 0 0 U W 0 0 0 0 6 Y 0 3 B 0 0 0 0 0 0 0 0 0 0 0 0 0 0 0
0 0 9 0 0 S 0 D 0 0 0 Z 6 0 0 2 0 0 0 0 I 0 0 0 0 0 0 0 0 0 0 0 0 X 0
0 0 0 R 0 W 0 0 0 0 0 0 0 0 0 0 0 A I 0 E 0 0 X 0 Q 0 0 J 0 0 0 0 4 0
0 0 3 5 0 0 0 0 0 0 U 0 0 0 0 C 1 X 4 A 0 Z 0 0 0 0 0 0 K S 0 0 0 0 0
0 0 0 0 0 0 0 0 0 0 N 3 Q 6 S 0 0 0 0 0 0 0 0 0 0 0 0 I 0 O 0 0 0 0 Z
0 0 0 Y 0 0 0 0 0 0 0 0 0 0 W 0 0 0 V E B 0 0 1 0 0 0 0 0 0 D 0 I 0 R
L 0 0 0 A 0 0 0 4 0 0 0 0 0 0 0 0 0 0 Y 0 D 0 0 0 J 0 0 0 T 0 0 0 0 7
0 0 0 0 P 0 D 0 X T 0 0 M 0 R 0 0 0 0 0 0 0 0 I 7 0 0 0 2 0 0 0 0 0 1
0 S 0 G 0 0 0 J 5 0 2 0 0 0 0 0 0 0 B 0 0 0 0 0 0 0 0 0 0 H W O 0 0 3
0 0 O J 0 0 0 0 0 0 8 5 0 0 0 0 0 0 0 0 0 0 0 0 0 0 0 0 0 0 0 K 0 0 0
0 0 0 D F K 0 0 0 0 0 C 0 0 0 0 0 Q 1 6 0 0 0 0 0 0 0 0 Y X V M B 0 0
0 0 0 0 0 0 0 0 0 0 0 0 0 0 0 V 0 0 7 L 0 0 R W H 0 0 B 0 0 0 0 3 0 E
0 0 Z 0 0 0 0 0 0 0 0 0 0 A 0 0 0 0 0 0 0 J M D 0 3 0 H 0 U 0 X W 6 2
0 1 0 0 3 0 0 0 J 0 0 0 0 Z 0 5 0 0 0 9 0 0 0 0 0 0 0 0 F 0 0 0 U T 0
0 0 0 0 0 0 0 0 0 0 7 0 0 0 0 0 0 G 0 0 0 P 0 9 0 N 0 0 0 0 0 A 0 0 0
M 0 0 0 0 0 0 0 D 0 0 0 B P F N 0 C 0 I 0 0 X 0 L 0 0 0 0 0 0 0 0 0 0
0 X 0 P 0 3 0 0 0 0 0 8 0 0 0 0 0 H 0 U 0 0 0 0 4 S V T 0 5 0 0 0 C 0
0 0 0 6 7 0 Q 0 L 0 3 0 1 H 0 0 N B 0 0 0 0 V 0 0 0 J 0 0 G A 0 0 0 0
0 O 0 0 0 0 X 0 0 0 0 0 G 5 0 0 0 0 0 0 0 0 E Z 0 0 0 0 0 0 0 0 0 0 D
0 0 0 0 U 0 0 1 0 0 9 0 0 0 0 0 0 0 0 0 0 0 0 0 0 0 3 0 A 0 C 0 0 0 0
0 0 0 0 0 0 B 0 0 0 0 P 0 7 E 0 0 0 0 0 0 0 0 0 0 0 T 0 0 0 0 W 5 0 0
W 0 5 L H 0 4 0 0 0 T 0 0 0 0 0 0 0 0 0 0 0 0 0 0 0 Z E 0 0 0 0 0 0 V
0 P 0 0 0 A 0 0 0 0 0 0 0 0 0 8 0 0 U 0 0 H 0 0 0 0 D 0 0 0 E 1 0 0 0
0 0 0 0 0 0 0 0 Y 0 0 0 0 0 0 0 0 0 0 G X 0 0 0 0 6 0 0 I 0 0 0 0 2 0
0 0 0 W E 0 0 0 0 0 0 B O 0 2 0 6 0 0 0 0 0 0 0 0 C H Q 0 0 9 0 0 0 J
0 6 0 X 0 0 0 0 0 0 0 0 0 0 0 0 0 U 0 W 0 F 0 0 0 0 0 0 0 0 0 0 0 0 G
0 U 0 0 0 0 0 0 0 0 K 0 0 0 0 0 0 0 0 0 0 0 0 0 V 0 0 0 0 9 0 0 0 0 5
0 T 0 0 0 Y Z 0 0 X 0 0 0 0 0 F 0 0 A C 0 0 0 0 0 U 0 0 8 W 1 0 0 0 0
Z 0 0 0 0 P M 0 0 0 0 0 0 0 0 K 0 0 0 3 0 1 5 0 6 0 0 0 0 0 0 0 0 0 0
0 0 0 1 0 0 0 0 A H 0 0 9 0 Q 0 0 S 0 0 0 0 8 0 0 2 0 Y 0 0 0 0 X 0 0
0 0 0 0 0 0 C 0 0 0 1 0 0 0 0 G M 0 0 2 0 0 0 0 0 0 0 6 0 0 R 0 0 Q 0
