16 4 4
0 0 0 C 0 0 0 0 0 5 0 G 0 0 1 A
0 0 0 B 0 0 0 0 0 0 0 F 0 0 2 G
4 0 0 0 9 0 0 C 0 B A 0 D 0 0 3
0 0 0 0 0 0 0 8 0 0 C 0 0 0 0 0
0 C F 0 0 G 0 0 0 0 5 A 0 0 0 0
5 0 0 0 0 0 E 0 0 0 D 0 0 0 3 0
E 0 0 0 0 0 0 0 0 0 0 0 0 0 0 0
7 0 0 0 0 0 0 0 0 0 0 0 0 9 6 2
0 0 0 0 A 3 0 G 0 0 0 0 0 0 E 0
0 0 0 0 0 5 0 0 0 0 0 0 0 0 0 0
0 2 B 0 7 0 0 0 9 0 0 0 4 0 0 1
0 E 0 0 0 C 0 0 0 0 0 3 0 0 0 0
0 0 0 0 E 0 0 0 0 0 6 5 0 0 0 0
0 0 E 1 0 9 0 0 0 0 0 0 0 0 0 8
0 0 9 0 3 0 0 1 0 7 0 0 6 C 0 0
0 0 0 0 0 0 0 0 C G 0 B 0 1 0 0 
