16 4 4
0 0 3 0 1 0 2 7 0 0 0 0 0 0 D 0
G E 0 2 0 0 0 0 0 7 D 0 0 0 0 4
D 0 0 0 G 0 3 0 0 0 0 0 0 0 0 0
0 0 0 0 0 0 0 0 0 A 0 0 B 0 1 0
0 0 9 8 0 0 1 E 0 0 0 0 0 6 0 0
0 0 C E 0 7 0 0 0 0 9 0 0 0 0 0
0 0 0 0 0 0 5 G 0 4 0 0 0 0 8 0
7 0 0 0 0 0 C 8 0 0 0 0 0 5 0 0
0 0 F 7 0 0 0 0 0 0 0 0 0 0 0 0
0 0 8 0 0 0 0 D 3 0 G 9 0 0 B 0
0 6 0 0 0 0 0 0 0 0 0 0 0 0 0 A
5 0 0 B 0 0 0 0 0 0 0 6 0 0 C 0
0 3 0 0 0 0 0 B E 0 0 8 0 0 0 9
0 D 0 A 0 0 0 0 0 0 0 0 0 G 0 0
0 0 0 0 0 0 G 3 C 0 0 0 0 0 0 0
0 0 0 0 0 0 0 A D 0 7 0 0 0 0 8
