16 4 4
0 0 0 0 4 E B A 0 0 0 0 0 6 0 0
0 9 B 1 D 0 8 0 0 0 0 0 C 0 0 0
0 0 0 0 0 0 0 0 0 0 0 0 0 0 0 0
0 0 0 0 0 2 0 0 6 E 0 0 0 0 0 0
0 C 0 8 G 0 0 0 F 0 0 0 0 0 0 0
0 0 6 0 0 0 0 D 0 0 0 2 0 E 0 0
0 0 0 0 0 0 0 0 0 0 0 0 0 0 0 2
0 0 9 0 B 0 A E 0 0 4 0 0 0 0 0
0 0 C 0 0 0 0 0 0 0 0 0 2 0 0 D
0 0 0 0 0 0 0 0 0 0 0 D 0 0 0 F
0 0 G 0 0 C 0 7 0 0 0 0 0 0 6 0
0 E 5 2 0 0 4 0 7 0 C 0 0 1 3 0
A 0 0 0 0 0 G 0 0 0 E C 0 0 0 0
0 0 0 0 0 0 6 0 0 A 0 0 0 9 0 0
0 0 0 0 1 B 0 0 G 0 0 0 6 5 0 0
0 0 0 0 3 8 0 0 0 0 5 4 0 B D 0
