16 4 4
0 0 5 0 3 0 0 7 0 A 0 0 0 0 F 0
0 0 A 0 0 0 0 C 0 2 0 0 6 0 0 0
0 0 0 0 0 0 0 0 0 0 0 0 C 0 0 9
0 0 C 0 0 B 0 0 0 0 0 8 0 0 0 0
0 0 0 0 G 1 0 0 0 0 0 0 E 4 0 0
0 0 0 0 0 F 0 0 0 0 0 0 0 2 0 0
0 0 0 G 0 0 0 0 A 7 0 6 9 0 0 0
0 1 0 3 9 0 0 0 0 0 0 0 0 0 0 C
0 0 0 0 0 0 0 2 0 0 E B 0 0 G 0
0 0 0 0 7 0 0 0 0 9 2 0 0 5 0 0
3 0 D 0 0 0 0 0 6 0 0 0 0 0 8 2
0 2 0 0 F 0 0 9 0 4 0 0 0 6 0 0
C A 0 0 0 0 8 0 0 0 0 0 0 0 0 0
0 3 G 0 0 0 0 0 0 0 6 D 0 B 0 0
0 0 9 B 0 0 0 4 0 1 0 0 3 0 E 0
0 0 0 0 1 0 0 0 0 0 0 7 0 0 0 0 
