16 4 4
0 0 0 0 0 6 2 5 F B 0 7 0 0 0 A
5 0 3 0 0 0 0 0 0 8 0 0 0 0 0 0
0 2 0 0 0 0 B 0 0 0 D 1 0 0 0 0
0 0 7 0 0 0 4 0 0 0 0 9 0 0 D 0
0 B 0 0 0 0 1 3 G 0 0 0 0 0 0 0
0 0 0 C 0 0 0 0 3 0 0 0 9 0 0 B
0 0 0 0 0 0 0 0 9 0 C F 0 0 0 G
0 0 0 0 0 D 0 0 0 0 0 5 2 0 0 6
A E 1 0 0 B 0 0 0 0 0 0 G 0 0 0
0 C 0 0 0 0 0 0 0 1 0 0 4 0 F 0
0 0 D 0 5 0 0 A 0 0 0 0 6 0 0 C
F 0 0 0 0 4 G 0 0 C 0 0 E 0 0 0
0 0 0 A 0 0 0 0 B 0 5 C 0 0 0 0
0 0 0 0 0 0 0 0 0 0 0 2 0 0 0 0
0 0 0 0 6 0 0 0 0 0 0 4 0 0 0 0
0 7 0 0 0 0 0 0 0 0 8 A 0 0 0 0
