16 4 4
0 0 3 9 A 0 0 0 0 0 8 0 0 F 0 0
1 0 0 0 0 0 0 0 0 0 3 E 0 0 0 A
0 0 8 0 0 0 0 0 0 9 D 0 5 0 0 E
C 0 0 0 D 0 0 0 0 0 0 0 0 0 0 0
4 0 0 0 0 0 0 0 0 0 A 0 G 0 0 0
0 0 0 0 0 0 0 0 0 0 6 0 F 0 0 0
0 0 B 0 0 0 0 A 0 0 0 0 0 0 0 1
0 0 0 0 8 3 0 0 0 0 G 0 0 0 B 7
0 0 0 0 0 F 0 0 0 0 5 0 0 0 G 0
0 0 0 0 0 0 0 1 7 0 2 0 0 0 0 3
0 4 0 0 0 0 0 7 C 0 0 0 0 0 0 0
E G 0 0 0 0 0 C 0 0 0 0 0 0 0 0
0 0 9 7 5 2 0 0 0 0 0 0 C 0 0 0
D 0 1 G 0 0 0 0 0 5 0 0 A 0 9 0
0 6 0 0 0 0 D 9 0 3 0 0 B 0 0 0
0 0 0 5 F C 7 0 0 0 0 0 0 0 E 0
