16 4 4
0 0 C 0 0 0 0 0 E A 0 0 0 0 0 0
0 E 0 0 4 0 0 0 7 0 0 0 0 6 0 0
4 0 D 0 0 0 9 0 5 0 0 0 0 0 0 0
B 0 0 9 0 0 0 0 0 1 0 0 0 7 F 0
0 0 0 0 0 E 0 0 0 0 0 0 2 0 0 0
0 G 0 8 0 0 3 0 0 5 0 0 1 0 B 6
0 0 7 0 0 0 G F 0 0 0 0 D 0 0 0
0 0 0 C 0 0 0 0 0 0 0 0 9 0 0 8
0 0 0 D 0 A E G 0 8 0 0 3 0 0 0
0 0 2 0 0 0 0 D 0 3 0 0 4 0 6 0
0 0 0 0 0 0 0 0 0 0 0 0 0 0 G 0
0 9 1 0 0 7 0 0 0 0 0 E 0 0 0 0
0 3 0 0 0 0 0 0 1 0 0 0 0 D 0 0
0 0 0 0 8 0 0 2 0 0 0 6 A 0 0 0
0 8 0 0 0 0 0 0 0 0 2 G 0 0 3 C
0 0 0 2 0 0 0 0 0 0 0 3 F 0 0 0 
