16 4 4
9 0 4 0 0 G 0 0 0 0 0 2 0 0 0 0
0 0 0 0 0 9 0 0 0 3 0 1 A 0 0 G
0 E 0 0 0 0 2 0 0 0 G B 5 8 0 D
0 0 0 0 0 0 0 0 0 0 0 0 0 0 0 0
0 0 0 0 0 8 0 0 9 0 0 5 0 0 0 0
0 0 0 6 5 0 0 B 0 0 0 0 0 0 0 0
0 0 0 0 0 0 0 0 0 D 0 0 0 0 1 0
0 8 0 7 4 2 1 0 0 0 C 0 0 0 0 0
0 0 0 0 0 0 0 0 0 0 3 9 8 0 0 0
0 0 0 0 0 0 0 7 0 0 0 0 0 4 5 0
0 3 1 0 0 0 0 0 0 0 0 0 F 0 0 2
E 0 0 2 1 0 C 0 0 0 0 D 0 A 0 0
0 0 0 D 0 0 0 0 0 0 5 0 0 0 E 0
0 G 0 3 0 0 0 6 0 7 B 0 0 0 0 0
1 6 0 0 0 0 0 8 0 0 0 A 7 0 0 0
0 0 0 0 0 0 0 0 0 0 1 G 0 0 D 6
