16 4 4
F 0 0 3 0 0 0 D 0 0 0 0 0 0 0 0
0 2 0 0 0 3 7 0 0 0 0 0 0 0 4 0
0 0 0 B G F 0 0 0 0 A 2 3 0 0 7
D 8 0 0 0 0 0 0 0 0 0 0 0 A 0 0
0 0 2 0 0 0 6 0 0 D 1 0 0 0 B 0
4 0 0 0 0 0 0 0 0 0 0 0 D 0 0 1
0 0 0 0 0 0 G 0 0 0 0 0 8 0 0 0
9 0 0 0 0 0 0 0 0 0 0 0 0 0 C 0
0 0 A 0 0 4 0 0 0 0 0 1 0 0 0 0
0 0 0 D 0 0 9 0 0 0 5 0 0 0 G 3
0 0 0 0 0 2 0 0 9 0 0 E C 0 0 8
7 0 0 0 0 C 0 0 0 F 0 D 0 0 2 0
G C 0 0 1 B 0 8 0 E 0 0 0 0 0 0
1 0 8 0 0 0 0 0 6 0 0 0 0 0 0 5
0 0 0 0 D G 0 0 A 0 0 0 E 0 0 0
0 3 0 0 0 0 2 0 0 0 0 0 0 0 0 0
