16 4 4
1 0 0 6 0 0 0 0 0 E 7 9 0 0 0 0
0 8 0 0 0 0 0 0 0 0 C 1 7 G D F
3 0 0 0 0 C 0 0 0 0 0 0 0 0 0 0
0 0 G 5 0 3 0 0 0 0 0 0 A 0 4 0
9 0 E 0 0 0 0 0 0 0 3 0 0 5 0 0
0 0 0 0 0 1 C 0 0 0 0 0 0 0 0 2
0 0 0 0 0 0 5 0 0 0 0 0 0 D 0 0
0 0 A 0 0 6 0 0 G D 0 0 0 0 0 C
0 0 0 8 0 0 0 0 0 A 0 5 0 0 0 0
4 0 B 2 E 0 0 7 9 0 0 8 0 6 0 5
0 0 0 0 0 0 0 0 0 0 4 0 G 0 0 0
0 0 0 0 0 0 0 B E 0 0 0 0 0 7 0
0 0 0 0 0 7 0 0 0 0 E 0 0 0 0 0
E 0 0 4 0 0 0 0 0 0 D B 0 0 0 0
B 0 2 0 0 0 0 0 0 8 0 0 9 0 0 E
F 0 0 0 0 0 0 0 0 0 0 0 0 0 2 0
