18 3 6
0 0 0 0 0 4 0 0 0 0 0 B 0 I 0 3 H 0
0 E 0 0 0 0 7 0 I 0 1 F 0 0 4 0 D 0
0 0 0 0 0 0 0 0 G 0 0 3 8 0 0 2 0 0
0 0 0 0 0 0 0 3 8 0 0 A 0 H 0 0 0 0
0 0 0 0 2 0 0 0 0 0 0 0 0 3 0 0 I D
0 D 0 0 9 1 0 I 0 F 5 0 0 0 0 A 7 0
0 1 0 H 0 0 2 6 0 0 0 0 C 0 0 0 0 E
0 2 I 0 F 3 0 0 0 0 0 0 A 0 0 4 0 0
0 0 D 0 7 0 0 F 0 I 0 0 0 0 0 0 0 0
0 0 0 0 0 0 9 0 0 C B 0 0 0 0 0 0 0
0 0 0 0 0 I 6 0 0 D 0 0 3 C 1 E 0 0
0 6 0 0 0 0 3 0 0 0 0 0 0 D 0 0 0 0
0 0 0 0 0 0 0 0 E 7 0 0 0 0 0 0 0 0
0 0 F 0 0 0 C 0 0 0 0 1 0 0 0 0 0 0
0 0 0 0 6 0 0 0 H 0 0 0 0 G 0 0 0 0
B 0 0 0 0 0 I 0 0 0 0 0 0 0 0 0 0 0
0 0 0 0 0 0 5 A B 0 0 0 0 0 7 0 0 0
8 0 0 0 0 0 F 0 0 0 E 0 0 5 0 0 1 0
