18 3 6
G 0 0 0 0 0 0 0 4 0 I 0 0 6 0 0 0 0
0 0 4 H 0 0 0 0 0 0 1 0 0 0 F 0 0 0
0 0 0 0 A 7 0 0 0 0 F 0 G 0 2 0 0 0
0 0 0 0 1 0 0 0 0 8 0 0 0 0 0 0 0 C
0 0 0 5 0 0 B 8 0 E 0 0 0 0 0 0 0 0
0 5 0 0 0 0 0 I 0 0 0 H 0 0 0 0 A 0
0 0 0 0 0 0 0 0 0 4 0 0 0 0 0 0 0 7
0 0 I 0 0 0 0 H 0 A 0 0 2 0 B 1 0 9
0 0 E 0 0 0 0 0 0 0 0 7 0 0 4 0 I 0
0 0 0 0 8 D 0 0 0 0 0 0 0 0 1 C F 0
0 0 0 2 0 0 A F 0 H 0 0 0 0 0 0 0 0
0 0 F 0 3 0 G 0 0 0 0 0 0 E 0 0 0 0
0 0 0 0 E 0 0 7 2 0 A 0 0 0 0 0 0 3
0 I 0 0 0 0 0 0 0 9 0 3 7 B 0 0 E 0
0 0 9 0 0 H F A E I 0 B 0 0 0 0 0 8
C 0 0 0 0 0 0 9 H 0 0 2 E 0 0 0 0 0
0 0 0 0 0 0 5 0 0 0 0 0 0 0 0 0 0 0
0 H 0 0 0 0 0 B 0 1 0 0 6 0 0 0 C 0
