18 3 6
0 4 0 3 0 0 0 0 G 0 0 0 0 0 5 0 B 0
0 0 0 0 0 0 0 0 0 0 0 0 F 7 C 0 0 0
0 B 0 0 0 0 0 0 9 0 C 0 1 0 0 0 A 0
0 0 0 B 0 0 0 0 C 0 I 1 D 0 0 0 0 0
0 0 0 7 5 0 F 0 0 0 0 0 0 0 0 2 0 0
0 0 0 1 0 0 0 0 0 F 8 0 0 I 0 4 7 0
H 0 0 0 0 0 0 9 0 A 0 0 6 0 7 C 0 0
0 0 0 0 0 0 7 0 0 0 0 0 C 0 0 0 0 0
0 0 0 I 0 0 0 0 0 8 0 0 0 0 0 0 0 0
F G D 0 H 0 0 0 0 0 0 0 0 0 0 0 0 9
0 0 0 0 0 0 0 0 1 0 2 0 0 0 I 0 0 0
0 A I 0 B 0 0 0 0 0 0 5 0 3 0 H 8 E
0 0 0 0 0 0 0 0 0 1 0 0 0 0 8 3 F C
0 7 0 0 0 0 0 4 H 2 0 0 0 0 0 0 0 6
0 0 0 0 I 0 0 0 7 H 0 0 0 0 0 A 0 0
6 0 0 0 0 0 0 0 E 0 0 0 0 0 0 0 2 0
0 9 1 0 0 A 0 6 0 0 0 0 0 2 0 0 0 0
0 0 B 2 0 0 0 3 0 G 0 0 0 0 0 0 0 0 
