18 3 6
0 0 0 0 0 0 C 2 A 0 0 0 F 0 0 0 3 0
0 0 1 2 0 0 6 I 0 0 0 0 0 0 8 G 0 0
6 0 0 A 0 0 0 0 0 0 0 0 4 3 0 0 0 0
E D 0 9 0 0 0 G 0 0 0 0 0 C 0 0 0 0
0 5 8 0 0 0 0 0 0 0 0 0 G 0 0 0 2 A
0 3 H 0 0 0 0 0 0 0 D 0 0 0 0 0 E 0
0 0 0 0 0 9 0 0 0 4 0 0 0 1 0 0 0 0
0 0 0 0 1 0 0 0 I D 0 A 0 0 0 0 0 0
0 0 0 0 0 0 1 0 0 0 0 0 D 0 0 0 0 0
9 0 0 D 0 0 0 4 0 7 I 0 0 0 E 0 0 0
G I 0 0 0 0 0 0 2 0 0 0 9 6 0 0 A 0
0 0 0 0 0 0 G 0 0 0 0 0 0 5 0 0 0 0
0 0 0 1 0 I 2 F 0 B 0 G 0 0 0 0 0 3
0 1 0 0 0 8 7 0 0 0 0 0 0 0 0 0 0 0
D E 0 0 0 0 0 3 0 0 0 9 0 0 I H 0 0
0 0 0 G 6 0 0 E 0 5 0 D 0 0 A 0 4 0
0 0 4 C 0 0 0 6 0 0 0 0 0 0 0 0 0 0
0 8 3 0 0 0 0 0 0 0 0 0 0 0 0 0 0 0
