18 3 6
0 0 0 0 0 0 0 0 H 0 0 0 0 6 0 0 0 0
0 0 9 0 0 0 0 1 0 0 3 E 0 4 0 0 0 0
0 0 0 0 0 0 0 0 4 0 0 0 F I 2 0 H 0
I C 0 0 0 0 3 0 G 0 4 8 0 9 0 0 B 0
0 0 H 0 0 0 0 0 0 0 0 6 0 5 0 0 0 0
0 0 0 0 0 7 0 0 C 0 5 0 0 0 0 E 0 0
0 0 0 0 0 0 0 0 0 0 1 0 E 0 0 0 0 0
0 0 0 0 0 0 H 0 0 0 0 4 0 0 3 0 0 0
0 0 6 0 0 A 0 0 0 0 2 B 0 0 0 0 0 0
0 0 0 0 0 6 0 0 2 0 0 0 0 0 0 0 7 4
1 0 G H 0 0 0 0 0 0 0 9 0 0 0 3 0 0
0 0 0 0 0 0 0 0 0 0 0 0 G 0 C 0 9 1
0 0 0 7 0 3 0 0 0 0 8 0 0 0 0 0 0 0
5 0 7 G 0 0 2 0 D 0 0 0 B 0 E F 0 H
0 0 0 0 0 0 1 H 0 0 0 0 0 0 0 0 0 A
D 0 0 A 8 0 0 B 0 C 0 0 0 0 0 4 0 2
0 B 2 0 0 0 0 0 0 0 7 0 0 0 0 0 0 D
0 0 0 0 C E 9 0 0 0 0 0 0 0 0 0 G I
