18 3 6
G 0 4 0 0 0 0 0 C 0 0 0 5 0 B 0 0 0
6 9 0 7 0 C E 0 0 1 0 0 0 F 0 0 0 0
0 0 5 0 0 0 0 0 0 0 0 0 0 2 0 0 0 3
0 F 0 0 A 0 0 0 0 0 0 0 7 0 0 G 0 0
0 0 0 0 0 0 C 0 E 0 0 0 0 0 0 2 0 I
0 B 0 0 0 0 7 0 0 0 0 0 0 0 0 0 A 0
0 0 0 0 0 7 0 3 0 0 B 0 1 0 0 0 F A
0 0 0 3 0 0 0 0 0 6 4 8 0 0 I C 0 5
9 0 2 0 F 0 0 5 0 0 H 0 0 0 E 0 4 0
1 0 0 6 0 0 0 0 H 7 8 0 0 0 0 0 I 0
0 G 0 0 0 0 0 0 A 0 0 0 0 3 0 0 0 0
0 0 0 0 0 0 0 0 0 0 9 0 0 0 C 0 0 0
0 0 0 0 C 0 A 0 9 0 0 0 0 I 0 0 0 0
0 E 0 A 0 0 0 0 0 4 0 0 0 0 2 0 0 0
0 0 0 0 0 2 0 0 F 0 I 0 0 0 0 B 0 0
0 0 0 0 5 0 0 0 I D 0 0 0 0 0 0 0 4
0 0 0 0 0 0 0 0 0 9 0 0 D 0 0 0 0 0
H 0 0 F 1 0 0 0 0 0 2 0 0 0 0 0 5 0
