18 3 6
0 0 0 F 0 G 6 0 0 0 0 0 0 0 0 0 8 0
D 0 0 C 0 0 1 0 0 0 8 5 0 0 0 0 2 0
0 1 0 0 0 E 0 H 0 0 0 0 0 0 0 I 0 0
4 6 0 0 0 A 0 0 0 8 9 0 0 0 0 0 0 0
0 0 0 0 0 0 0 0 0 I 0 0 0 0 1 0 0 0
C 3 0 0 0 0 0 0 B 6 0 F 0 0 I 0 7 0
B 0 0 0 0 0 0 0 0 0 5 3 0 F 0 D 0 0
0 0 0 0 0 2 0 0 0 4 0 0 0 0 0 0 0 0
0 0 8 0 0 3 0 9 7 0 2 1 E 0 C 6 0 0
0 0 3 0 F 0 0 2 C 0 0 0 0 0 0 0 0 0
0 0 5 0 0 0 D 0 0 0 B H 0 0 0 0 0 2
E 0 9 0 0 0 A 0 3 0 0 0 0 0 0 0 0 0
0 E 0 0 0 0 0 0 0 0 0 B 0 0 0 0 0 0
0 0 0 9 0 0 0 C 0 0 0 0 0 8 0 2 0 0
0 G 0 0 0 0 0 0 0 0 H E B 0 7 0 5 0
0 A 0 0 9 0 2 0 0 0 0 0 0 H 0 0 0 0
7 0 0 8 0 0 0 0 0 0 0 G 0 0 0 0 D 0
0 0 0 0 6 0 0 0 0 0 0 0 0 0 0 A C 0 
