18 3 6
0 0 0 0 0 0 0 0 0 0 0 I 0 3 0 0 0 0
A 4 B C 0 0 0 0 0 0 0 0 5 G 0 9 0 0
0 0 9 8 0 0 0 5 0 7 0 0 0 0 0 0 0 0
0 0 0 0 4 0 C 0 0 0 0 0 0 A 0 0 0 7
0 0 0 0 0 0 6 0 0 0 0 G 0 0 2 0 9 0
0 9 D 0 0 0 0 0 0 0 0 B 0 5 E C 0 0
0 0 0 0 0 0 1 0 0 0 0 0 0 0 0 0 H 0
0 0 0 G 0 0 0 0 0 0 0 0 0 C 8 0 0 3
0 B 0 1 0 0 0 C 0 G 8 0 I 0 9 0 7 0
H 2 0 0 0 0 0 0 0 0 0 1 0 E 0 0 0 0
0 0 0 0 0 4 G 8 0 0 0 0 0 0 0 0 0 B
0 0 0 0 0 C 0 0 0 0 0 0 0 0 0 1 0 0
0 0 7 0 0 0 5 0 0 0 1 0 2 0 0 E 0 0
9 A 0 0 0 0 0 0 0 0 0 0 4 0 1 0 0 0
B 0 0 0 0 6 0 0 0 0 0 4 0 7 0 0 0 9
0 0 0 B H 0 0 0 I 0 0 0 0 0 0 6 A 2
0 0 C E 9 3 0 4 0 0 0 0 0 0 0 0 0 0
4 0 0 0 8 0 0 F 0 0 0 0 0 0 0 H 0 0
