18 3 6
0 0 4 0 0 7 0 0 F 0 0 0 0 1 0 2 D 0
B 1 3 I 0 0 0 0 0 A D 8 4 0 9 0 0 0
0 0 0 0 2 0 0 0 0 0 4 0 0 0 0 0 H 0
0 0 0 G 0 8 0 0 0 0 0 0 0 0 0 B 0 0
0 0 0 0 A 0 0 0 0 0 H 6 0 0 0 5 4 0
H 0 0 0 0 0 0 2 0 0 0 3 0 0 8 0 0 0
0 0 0 0 0 0 0 0 G 1 0 0 0 0 0 0 0 0
0 0 0 0 0 0 3 0 0 0 0 0 0 0 0 0 0 0
0 0 0 0 H A 0 0 0 I 0 0 0 0 1 0 F 6
2 4 7 1 0 0 0 3 0 0 8 5 0 0 H F 0 0
0 0 0 0 0 0 0 1 7 0 0 0 0 0 3 0 0 0
0 0 0 0 D 0 0 0 0 9 0 0 I 6 0 0 G 0
0 0 0 0 C 0 0 0 0 0 0 0 0 0 0 0 0 A
8 0 A F 0 0 0 0 0 0 0 0 0 3 E 0 0 0
0 H 2 0 4 0 0 0 B 0 0 0 1 0 0 0 0 0
0 0 0 0 9 C 0 0 0 5 0 0 0 0 0 8 0 0
0 0 F 0 0 0 0 0 0 G 0 B 3 0 0 0 0 0
0 0 0 4 0 0 0 H 0 0 0 0 5 A 0 0 0 0
