18 3 6
0 1 0 0 0 5 0 0 6 0 0 7 0 G 0 0 0 F
0 0 0 0 0 0 0 0 E 0 0 9 0 F 0 C 0 0
0 0 D 1 0 6 0 0 0 0 0 0 0 0 5 3 7 0
0 0 0 0 0 0 3 0 0 0 0 F 0 0 0 E 0 0
0 0 7 0 0 0 0 D 0 4 0 0 3 1 0 0 0 0
3 0 0 0 0 0 0 0 0 2 0 0 0 0 9 H 0 D
0 0 0 0 0 2 0 0 1 C 0 8 0 0 0 7 5 H
0 0 A G 0 0 0 0 0 0 9 0 0 3 0 0 0 0
2 0 0 A 0 0 0 0 0 6 0 0 0 0 0 0 3 0
C 0 0 D 9 0 6 0 0 0 0 0 F 5 0 0 0 0
0 0 0 0 0 B 5 0 H 0 0 0 0 0 0 0 0 0
0 7 0 I 0 0 0 0 0 0 0 2 0 0 0 B 0 0
0 0 0 0 C 0 0 I 0 0 D 0 0 0 E 0 0 4
0 0 0 3 0 E 0 4 0 0 C 0 0 0 D 0 0 0
0 A 0 0 0 0 0 0 0 0 0 0 0 0 0 0 0 0
6 C 0 B 0 0 2 0 D 0 0 0 0 0 0 0 E 1
0 3 0 0 0 0 0 0 0 0 0 0 0 0 H 0 0 0
0 0 0 0 0 0 0 5 0 0 8 0 0 C 0 0 0 0
