18 3 6
0 2 3 0 0 0 0 8 0 0 0 0 0 0 0 0 0 6
0 0 0 0 0 C 0 0 0 0 0 0 0 D 0 I 4 0
0 0 0 H 0 0 0 0 A 0 0 7 0 6 2 0 5 0
I 5 0 E 0 0 2 0 0 0 0 0 0 0 0 0 0 0
0 0 0 0 A 6 0 0 0 0 2 0 0 0 E 0 0 0
0 4 0 3 0 0 G 0 I C 0 0 0 0 0 0 0 H
0 0 0 0 0 0 0 0 0 0 0 0 0 3 0 0 0 0
0 0 0 0 0 0 0 0 1 0 A 0 0 0 0 0 0 0
0 7 0 8 G 0 H 0 0 0 0 0 0 2 0 0 0 0
0 0 0 0 0 0 C 0 0 0 0 2 0 4 0 0 0 7
0 0 0 0 3 0 0 0 B 0 7 0 0 0 H 0 0 0
0 0 8 C D B 4 0 0 6 3 0 0 0 0 0 E 0
0 3 0 0 0 0 0 0 9 0 H 0 0 I 6 0 0 0
0 0 0 0 0 4 0 0 0 0 1 B 5 0 0 0 H A
E 0 0 0 H 0 0 0 0 0 0 0 0 G A 0 6 F
5 0 0 0 1 0 0 0 0 0 0 0 0 0 0 3 G 0
0 0 0 0 0 0 0 0 0 0 C I 0 E 0 0 0 1
0 0 6 9 0 0 0 0 0 0 4 0 0 0 0 0 0 0
