20 4 5
0 0 0 E 0 0 0 3 0 0 0 0 1 0 I 0 0 0 0 0
H 0 0 0 1 0 4 0 0 0 0 K B 0 2 0 3 0 0 G
0 0 0 J 0 0 F 0 0 B 0 C H 0 0 K 0 0 0 0
0 0 0 0 0 0 0 D 0 0 0 0 0 0 E 0 0 0 0 4
I B 0 0 0 0 0 0 F 0 0 1 0 0 0 0 6 0 0 0
0 5 H 0 0 0 0 0 0 0 D 0 0 0 0 0 0 0 0 0
0 0 8 I 0 0 0 0 0 0 2 0 0 0 0 0 0 0 0 0
0 0 0 D 0 0 0 0 0 0 0 0 0 C 0 0 7 F 0 0
0 0 C 0 0 I K 0 0 0 G 5 0 3 B 0 H 0 0 A
0 0 0 0 D 4 0 7 1 6 0 I K 0 J 0 0 G 3 0
E 0 0 0 0 0 0 C 0 0 0 0 0 0 0 0 0 0 0 0
A 0 0 8 0 0 0 0 0 0 0 0 0 0 0 0 5 0 0 F
0 0 0 0 7 0 0 0 0 0 C 0 I 0 0 0 0 0 A 0
0 0 0 B 0 0 2 0 8 0 0 0 7 0 0 0 0 H 0 0
J 0 0 0 0 0 0 0 0 0 0 0 0 D 0 0 0 8 4 0
7 0 0 0 0 0 G 0 0 0 F 8 0 0 0 0 0 B 2 0
0 0 0 0 0 0 0 0 0 0 4 0 0 F 0 0 0 D 0 0
2 0 0 1 J B 0 8 0 0 E 0 0 0 0 0 0 0 0 0
0 0 0 0 0 0 7 0 C 0 0 0 0 0 0 G F I 0 8
0 0 0 0 0 0 0 0 0 0 0 G E 0 0 0 0 6 0 7 
