20 4 5
0 0 0 0 I 0 0 8 0 1 0 0 A 0 0 G 0 0 0 9
0 0 0 7 0 0 0 0 B 0 K 0 H 0 0 3 0 8 0 0
J 0 0 0 H F 0 0 0 0 0 0 0 0 0 0 0 0 7 0
0 0 0 0 3 0 7 0 0 0 0 0 F 0 0 0 0 0 0 E
0 0 K I 0 0 0 1 0 0 0 A 0 0 0 0 0 G 2 0
0 0 0 0 0 0 0 0 9 0 0 0 B 0 0 0 0 1 0 0
0 0 0 0 0 A 0 3 0 0 8 0 0 0 0 0 0 0 0 0
0 0 0 0 0 0 B 0 0 2 0 0 4 8 9 0 0 H 0 0
4 0 0 J 0 0 9 0 0 I 0 0 C 0 0 0 0 7 8 0
7 0 0 0 C 0 0 0 J K 0 0 0 G 6 0 0 9 0 0
0 0 F 0 0 0 0 0 0 J 5 0 0 0 0 0 0 0 0 K
A 0 0 0 0 0 0 0 0 0 0 0 0 0 0 0 3 F 0 5
0 0 0 0 0 0 0 0 0 0 0 H 0 4 0 0 0 0 B 0
0 8 0 H 0 0 0 0 C 6 0 0 0 0 0 I 0 2 0 0
0 0 9 0 5 D 0 0 0 0 0 0 0 0 1 0 0 0 0 0
F 0 2 0 0 0 0 0 0 0 0 0 0 0 0 0 0 C 0 0
0 0 0 0 0 0 D 7 H 8 B 0 0 0 0 5 0 0 0 0
0 0 0 A 0 K 0 0 0 0 7 C E I 0 0 J 0 0 G
C 0 0 0 0 5 0 0 0 G 0 0 K 0 J 0 0 0 0 0
0 0 D 0 0 0 6 0 0 0 0 0 0 0 0 7 0 0 H 0 
