20 4 5
0 0 5 0 0 0 2 0 0 K 0 0 0 0 0 0 0 0 0 0
0 0 0 0 0 0 0 0 0 0 0 5 0 0 0 0 0 0 0 0
0 0 0 F 0 0 K 0 0 0 0 0 8 0 0 0 0 9 0 0
2 0 0 B 0 0 0 0 0 G 1 8 0 0 0 0 0 H 0 0
0 0 0 0 7 0 B 0 0 0 0 0 0 0 3 0 0 C F 0
0 0 0 9 0 0 0 0 0 0 B I D J 0 7 0 0 0 1
0 0 0 0 I 0 H 0 9 0 2 0 0 C 0 0 8 0 0 0
J 0 0 6 0 0 0 E 0 0 0 0 0 0 0 0 0 7 0 0
5 C 0 0 0 0 0 0 0 0 0 0 9 0 F 0 6 A J 0
0 0 2 0 0 0 0 5 0 0 0 0 0 0 0 0 0 0 B H
0 0 J 0 C 5 3 I 0 6 0 0 0 9 0 0 7 0 4 0
0 0 0 0 G 0 0 0 0 0 0 0 H 0 0 B 1 0 0 0
0 G 0 C 0 0 0 K 0 J 0 0 0 0 0 0 0 0 D A
0 0 0 0 0 4 0 0 0 0 H 0 0 0 5 0 0 0 0 G
0 0 H 0 D 0 0 0 0 0 0 0 A 7 0 0 0 0 0 0
0 0 6 0 0 3 E 0 H 9 0 0 G 0 0 0 J 0 0 0
0 0 0 0 0 0 0 0 0 0 A 0 E 0 0 0 0 F 0 0
0 0 D 0 0 0 1 0 0 0 0 0 0 0 0 0 0 0 8 0
F E 0 0 0 0 A 0 8 0 C 0 0 K 0 0 0 0 0 0
0 0 0 G 2 0 6 0 0 0 0 0 0 0 7 C 0 0 0 B
