20 4 5
0 0 0 6 0 0 9 B 5 4 0 0 0 0 0 0 0 0 0 0
0 0 0 E 0 4 0 0 0 0 0 0 0 0 0 0 J 0 0 B
0 0 J 0 0 0 0 0 0 0 0 0 0 0 B 0 0 0 3 0
0 0 0 0 0 0 D 0 0 0 0 G 0 0 H C 0 F I 0
0 0 G 0 0 0 0 0 0 7 8 0 0 5 0 E 0 2 0 C
8 0 0 0 I 0 E 0 0 0 0 5 K 0 0 B F 0 4 0
I 2 0 0 0 0 0 0 0 1 0 0 0 0 0 0 0 0 0 0
0 0 0 0 0 D 0 0 0 I 0 7 A 0 0 6 2 0 K 5
0 0 0 0 0 0 F 0 0 0 0 0 0 D 0 0 0 8 0 0
E 0 0 0 B 0 1 0 K 0 0 0 0 0 0 0 7 0 0 0
9 0 0 0 0 0 0 2 7 E D H B 0 0 0 C 0 0 0
0 0 0 0 4 0 0 0 0 J F 0 0 0 0 0 9 0 0 0
0 0 0 0 D 0 0 0 0 0 0 0 0 1 0 0 0 0 0 F
K 0 7 0 0 0 0 A C 0 0 0 0 F 0 J 0 0 0 0
A 0 0 0 0 I 0 0 0 0 0 0 5 0 0 0 G D 0 0
0 0 6 0 F 0 G 7 0 0 0 1 0 0 2 0 0 0 0 0
0 0 C 0 0 0 0 0 0 0 0 0 0 0 0 K E 0 0 0
0 0 0 8 J 0 0 0 A 0 0 0 0 0 0 0 0 0 0 0
0 0 0 0 0 0 I 8 0 0 4 D 0 0 0 0 1 0 0 J
0 0 0 5 0 3 0 0 0 0 0 0 0 0 0 0 D 0 0 0
