20 4 5
0 0 0 B 0 0 0 0 G 0 0 0 0 0 0 0 0 0 0 H
E 1 0 0 4 0 0 J 0 0 0 0 0 A 0 0 8 0 0 0
9 2 0 0 0 C 0 0 0 0 0 A 0 H 0 D 0 I K 0
A 3 0 0 0 0 0 0 0 C 0 0 0 0 0 0 0 0 J 0
D 0 0 0 0 0 0 0 0 0 0 E 0 0 0 K 0 0 0 0
0 0 0 E 0 0 0 3 9 0 K 0 0 0 0 0 2 A 0 0
0 0 4 0 I 0 0 0 0 0 0 0 0 J 0 0 1 0 0 0
0 0 F 0 0 0 0 0 0 0 B 0 0 7 0 0 0 0 0 G
0 0 5 0 A 0 4 7 0 0 0 0 0 0 0 0 0 0 0 6
0 0 9 K 0 0 0 2 0 D J 0 0 0 0 4 0 0 0 0
0 8 0 H 0 4 6 0 0 0 0 0 0 0 0 1 3 0 I 9
0 0 0 0 0 0 0 0 C 0 0 5 0 0 E 0 0 0 0 0
3 0 J 0 D 0 1 0 6 4 0 0 0 0 0 0 A 0 0 0
0 E 0 0 0 F 0 0 0 G 0 0 0 0 0 0 5 0 0 0
0 0 0 0 8 7 0 0 0 0 0 0 0 0 0 0 0 0 0 0
G 0 0 0 0 3 A 0 0 0 0 0 0 F 4 0 C 0 B 0
0 K 0 0 0 0 0 0 0 8 0 0 0 I 0 0 0 J 0 0
0 J D 0 0 0 0 0 A 0 0 0 0 0 C 0 0 H 0 0
0 B 0 0 K 0 0 0 0 0 F J 0 0 0 0 0 6 A 0
0 0 A 5 E 0 0 0 0 0 0 0 0 K 0 0 0 0 0 0 
