20 4 5
J 0 0 0 H 0 E 0 0 0 0 0 0 D 0 A 0 0 8 0
0 3 0 0 0 0 9 0 0 8 H 0 0 0 B K 0 0 0 0
0 0 0 0 0 0 0 A 0 0 0 0 0 0 0 0 0 0 J G
0 6 0 0 0 8 0 0 0 0 J 0 2 0 0 0 0 E 0 0
D 0 0 1 J 0 0 0 0 5 0 0 7 0 0 0 0 0 0 H
G 0 0 0 0 I 0 0 4 J 1 0 0 0 0 0 0 A 0 0
0 0 0 0 0 0 F 0 0 0 0 0 E 0 0 0 0 0 0 K
0 5 0 0 0 0 0 0 0 F 0 0 0 0 0 4 0 0 6 0
I 0 0 B 0 9 0 0 0 0 0 0 J 0 0 0 8 H F 0
0 0 0 0 1 0 0 0 H 0 0 0 0 0 0 0 2 3 D 0
0 0 J 0 0 0 0 D 0 K 9 0 0 0 0 0 0 0 0 0
9 0 E 0 0 0 0 0 A 6 0 0 0 0 0 0 0 0 0 1
0 0 0 0 0 K 0 0 G 2 0 0 1 0 0 0 0 0 0 I
0 0 8 0 0 0 0 0 0 0 0 7 C 0 0 0 0 0 0 9
0 0 0 2 0 0 8 0 0 0 0 0 4 7 0 0 0 0 0 0
0 E K C 0 0 I 0 0 0 0 0 0 0 0 0 5 0 0 0
6 I F 9 0 0 0 J 0 0 0 0 0 0 0 0 0 0 1 0
0 0 0 0 4 0 0 0 0 0 0 0 0 0 0 0 9 0 0 0
0 A 0 0 0 0 6 7 0 0 0 0 0 0 3 0 0 0 K 0
0 0 0 0 E 0 0 F B 9 6 0 0 H 0 1 0 0 0 7
