20 4 5
0 0 0 0 0 0 8 0 B 0 0 0 9 0 H G 3 0 0 0
0 1 0 0 0 0 G 9 0 0 0 8 0 0 0 0 0 0 K 0
C 0 3 9 0 0 0 0 0 6 0 2 0 0 0 0 0 0 1 0
E 8 F 0 4 0 A 0 H 0 0 1 0 2 0 0 0 0 0 J
0 0 0 B 0 0 0 0 G 0 0 0 0 0 0 0 H 0 0 I
0 0 0 0 0 E 0 0 6 0 0 0 1 0 A 0 F 0 0 0
0 0 0 0 0 0 H C 0 0 0 0 0 0 E 0 0 0 2 3
0 K 0 0 0 0 0 0 0 2 0 E 0 0 0 0 0 0 0 0
0 0 0 0 0 9 0 J 4 0 I F B H 0 0 1 0 0 A
0 0 0 0 0 0 0 0 0 0 J A 0 0 2 0 0 0 0 0
0 0 0 0 2 0 0 0 0 5 0 0 0 C 0 0 0 0 0 0
0 0 0 0 0 0 0 0 0 0 A 0 0 0 0 0 5 0 4 0
I 4 0 E 0 0 0 0 C 0 0 0 F 0 0 0 A 0 0 0
0 0 J D 0 0 0 0 0 F K 0 0 0 0 0 6 9 0 0
0 0 0 0 0 F 0 0 0 D 0 0 3 0 0 0 0 0 0 0
0 0 G 0 0 0 0 0 0 0 0 0 0 0 0 I 0 0 5 0
0 2 1 0 0 B K 5 0 0 0 0 0 0 0 0 0 J 0 7
0 0 0 0 3 0 F 0 2 0 0 0 0 0 0 D K 0 0 0
0 0 0 0 0 6 0 0 3 0 4 0 0 0 0 0 8 0 0 C
0 0 0 0 0 0 0 0 1 7 0 0 K 0 0 0 0 0 0 0
