20 4 5
H 0 0 0 0 0 0 0 0 0 5 0 0 0 0 I 8 0 0 6
0 K 8 4 I 0 0 0 0 0 0 0 0 0 C 0 0 2 0 0
0 0 3 0 0 0 0 E F H 0 0 5 0 0 0 0 0 0 0
0 0 D 0 3 0 1 4 0 0 0 0 0 0 0 0 0 0 0 J
0 1 0 0 0 0 0 0 0 0 0 E 9 8 0 0 0 F 0 0
0 0 A 0 0 0 0 H 0 C 0 0 0 0 0 0 0 0 0 0
0 0 0 0 0 0 B 0 0 0 0 0 0 0 3 1 5 0 0 0
0 0 0 0 0 0 0 0 0 0 0 B A 0 0 0 0 0 0 I
0 0 7 0 E 0 0 0 8 0 K 0 0 0 I 0 0 0 0 0
6 0 2 0 0 F 0 0 0 0 0 1 H 0 0 G 0 0 J K
0 0 E 0 6 0 H 0 2 B A 3 J K 8 0 G 0 F 0
0 J 0 0 8 0 0 G 0 0 E 0 0 0 0 0 D 0 0 0
0 0 B 0 0 0 0 D 6 0 0 0 0 0 0 0 0 0 0 0
0 0 0 0 0 0 2 0 0 0 0 0 0 0 0 0 0 0 4 0
0 0 C 0 0 0 0 J 0 0 0 0 0 0 0 0 H 0 0 0
0 0 K 0 0 0 0 0 0 0 H 0 0 0 D 2 0 0 0 0
F 0 0 A 0 0 D 5 0 0 0 0 E B 0 0 0 0 0 2
5 0 0 0 0 H 0 0 0 0 0 0 0 0 7 0 0 B 0 0
0 I 0 0 0 J 0 0 0 E 0 0 4 0 0 0 0 0 0 H
0 0 0 0 0 0 F 0 0 0 7 0 0 A 0 0 0 3 6 0
