20 4 5
1 9 0 0 0 K 0 0 0 0 0 0 0 0 0 A 0 0 0 0
0 0 0 0 0 0 0 0 1 A F 0 2 0 0 0 0 0 0 0
0 0 0 0 0 A I 0 0 0 0 0 B 0 0 0 0 0 0 7
0 G 0 C 0 0 0 0 0 B H 0 0 9 6 0 0 0 0 0
0 D I 0 0 0 0 0 0 9 8 0 0 0 0 0 0 0 0 J
0 C 0 0 0 E 0 0 0 0 D 8 0 2 0 0 0 B 0 5
2 J 8 0 0 0 0 A 0 0 E 0 7 0 1 0 0 K 0 0
0 0 0 0 2 0 0 0 0 0 0 H 0 0 B 0 0 D 7 0
0 A 0 G 0 0 8 0 0 0 0 9 5 0 0 0 0 0 0 0
0 0 0 7 0 1 F 0 0 0 G B 0 0 0 0 0 I 0 0
0 0 K 0 0 0 2 0 0 J 0 0 0 0 G 0 0 0 0 0
0 0 0 0 0 0 6 J 2 0 0 0 0 C 0 0 0 0 0 D
0 0 0 0 0 0 0 0 7 0 0 I A E 0 1 0 0 0 0
0 H 0 E 0 C 0 0 0 0 0 0 0 0 J 4 I 0 0 0
0 0 5 0 0 0 7 8 0 0 0 0 0 0 0 0 0 0 0 F
0 0 0 0 0 0 0 0 0 0 B 0 8 0 0 0 1 0 0 0
0 0 0 9 0 0 0 0 0 0 0 A 0 J 0 0 0 0 0 0
0 0 0 0 0 0 B 0 K 0 0 0 0 0 0 0 4 C 0 8
F 0 0 0 0 0 0 0 0 7 5 0 0 0 0 0 0 0 0 0
0 0 J 0 0 0 0 0 0 0 0 0 0 F 2 I K H 6 0
